001 001
002 002
003 003
004 004
005 005
006 x01
007 x02
008 006
009 x03
010 007
011 008
012 009
013 010
014 x04
015 011
016 012
017 013
018 x05
019 014
020 015
021 x06
022 x07
023 x08
024 016
025 017
026 018
027 019
028 x09
029 020
030 x10
031 021
032 022
033 023
034 x11
035 024
036 x12
037 025
038 x13
039 026
040 027
041 028
042 029
043 030
044 031
045 032
046 x14
047 033
048 034
049 035
050 036
051 037
052 x15
053 038
054 039
055 040
056 041
057 042
058 043
059 044
060 045
061 046
062 047
063 x16
064 048
065 x17
066 049
067 050
068 x18
069 051
070 052
071 053
072 x20
073 054
074 055
075 x19
076 x21
077 056
078 057
079 x22
080 058
081 059
